1.000000000000000000e+02 3.141592653589793116e+00 1.570796326794896336e+00 1.570796326794896336e+00 1.570796326794896336e+00 1.570796326794896336e+00
3.141592653589793116e+00 1.000000000000000000e+02 1.570796326794896336e+00 1.570796326794896780e+00 1.570796326794896336e+00 1.570796326794896336e+00
1.570796326794896336e+00 1.570796326794896336e+00 1.000000000000000000e+02 3.141592653589793116e+00 1.570796326794896336e+00 1.570796326794896336e+00
1.570796326794896336e+00 1.570796326794896780e+00 3.141592653589793116e+00 1.000000000000000000e+02 1.570796326794896336e+00 1.570796326794896336e+00
1.570796326794896336e+00 1.570796326794896336e+00 1.570796326794896336e+00 1.570796326794896336e+00 1.000000000000000000e+02 3.141592653589793116e+00
1.570796326794896336e+00 1.570796326794896336e+00 1.570796326794896336e+00 1.570796326794896336e+00 3.141592653589793116e+00 1.000000000000000000e+02
