1.000000000000000000e+02 3.141592653589793116e+00 1.570796326794896336e+00 1.570796326794896336e+00 1.570796326794896336e+00 1.570796326794896336e+00 1.570796326794896780e+00 1.570796326794896780e+00 1.570796326794896780e+00 1.570796326794896780e+00 7.853981633974482790e-01 7.853981633974482790e-01 2.356194490192345281e+00 2.356194490192345281e+00 7.853981633974482790e-01 7.853981633974482790e-01 2.356194490192344837e+00 2.356194490192344837e+00 9.553166181245090760e-01 9.553166181245094091e-01 9.553166181245090760e-01 9.553166181245094091e-01 2.186276035465283929e+00 2.186276035465283929e+00 2.186276035465283929e+00 2.186276035465283929e+00 1.264518957625227147e+00 1.264518957625227147e+00 1.264518957625227147e+00 1.264518957625227147e+00 1.877073695964566191e+00 1.877073695964566191e+00 1.877073695964566191e+00 1.877073695964566191e+00 1.264518957625227147e+00 1.264518957625227147e+00 1.264518957625227147e+00 1.264518957625227147e+00 1.877073695964566191e+00 1.877073695964566191e+00 1.877073695964566191e+00 1.877073695964566191e+00 4.405106630046985439e-01 2.701081990585095127e+00 4.405106630046985439e-01 2.701081990585095127e+00 4.405106630046985439e-01 2.701081990585095127e+00 4.405106630046985439e-01 2.701081990585095127e+00
3.141592653589793116e+00 1.000000000000000000e+02 1.570796326794896336e+00 1.570796326794896780e+00 1.570796326794896336e+00 1.570796326794896336e+00 1.570796326794896780e+00 1.570796326794896780e+00 1.570796326794896780e+00 1.570796326794896780e+00 2.356194490192345281e+00 2.356194490192345281e+00 7.853981633974482790e-01 7.853981633974482790e-01 2.356194490192344837e+00 2.356194490192344837e+00 7.853981633974482790e-01 7.853981633974486121e-01 2.186276035465283929e+00 2.186276035465283929e+00 2.186276035465283929e+00 2.186276035465283929e+00 9.553166181245090760e-01 9.553166181245094091e-01 9.553166181245094091e-01 9.553166181245095201e-01 1.877073695964566191e+00 1.877073695964566191e+00 1.877073695964566191e+00 1.877073695964566191e+00 1.264518957625227147e+00 1.264518957625227147e+00 1.264518957625227147e+00 1.264518957625227147e+00 1.877073695964566191e+00 1.877073695964566191e+00 1.877073695964566191e+00 1.877073695964566191e+00 1.264518957625227147e+00 1.264518957625227369e+00 1.264518957625227147e+00 1.264518957625227369e+00 2.701081990585095127e+00 4.405106630046980998e-01 2.701081990585095127e+00 4.405106630046980998e-01 2.701081990585095127e+00 4.405106630046985994e-01 2.701081990585095127e+00 4.405106630046985994e-01
1.570796326794896336e+00 1.570796326794896336e+00 1.000000000000000000e+02 3.141592653589793116e+00 1.570796326794896336e+00 1.570796326794896336e+00 7.853981633974482790e-01 7.853981633974482790e-01 2.356194490192345281e+00 2.356194490192345281e+00 1.570796326794896780e+00 1.570796326794896780e+00 1.570796326794896780e+00 1.570796326794896780e+00 7.853981633974482790e-01 2.356194490192344837e+00 7.853981633974482790e-01 2.356194490192344837e+00 9.553166181245090760e-01 9.553166181245094091e-01 2.186276035465283929e+00 2.186276035465283929e+00 9.553166181245090760e-01 9.553166181245094091e-01 2.186276035465283929e+00 2.186276035465283929e+00 1.264518957625227147e+00 1.264518957625227147e+00 1.877073695964566191e+00 1.877073695964566191e+00 1.264518957625227147e+00 1.264518957625227147e+00 1.877073695964566191e+00 1.877073695964566191e+00 4.405106630046984328e-01 2.701081990585095127e+00 4.405106630046984328e-01 2.701081990585095127e+00 4.405106630046984328e-01 2.701081990585095127e+00 4.405106630046984328e-01 2.701081990585095127e+00 1.264518957625226925e+00 1.264518957625227813e+00 1.264518957625226925e+00 1.264518957625227813e+00 1.877073695964566191e+00 1.877073695964566191e+00 1.877073695964566191e+00 1.877073695964566191e+00
1.570796326794896336e+00 1.570796326794896780e+00 3.141592653589793116e+00 1.000000000000000000e+02 1.570796326794896336e+00 1.570796326794896336e+00 2.356194490192345281e+00 2.356194490192345281e+00 7.853981633974482790e-01 7.853981633974482790e-01 1.570796326794896780e+00 1.570796326794896780e+00 1.570796326794896780e+00 1.570796326794896780e+00 2.356194490192344837e+00 7.853981633974482790e-01 2.356194490192344837e+00 7.853981633974482790e-01 2.186276035465283929e+00 2.186276035465283929e+00 9.553166181245090760e-01 9.553166181245094091e-01 2.186276035465283929e+00 2.186276035465283929e+00 9.553166181245090760e-01 9.553166181245094091e-01 1.877073695964566191e+00 1.877073695964566191e+00 1.264518957625227147e+00 1.264518957625227147e+00 1.877073695964566191e+00 1.877073695964566191e+00 1.264518957625227147e+00 1.264518957625227147e+00 2.701081990585095127e+00 4.405106630046984328e-01 2.701081990585095127e+00 4.405106630046984328e-01 2.701081990585095127e+00 4.405106630046984328e-01 2.701081990585095127e+00 4.405106630046984328e-01 1.877073695964566191e+00 1.877073695964566191e+00 1.877073695964566191e+00 1.877073695964566191e+00 1.264518957625226925e+00 1.264518957625227813e+00 1.264518957625226925e+00 1.264518957625227813e+00
1.570796326794896336e+00 1.570796326794896336e+00 1.570796326794896336e+00 1.570796326794896336e+00 1.000000000000000000e+02 3.141592653589793116e+00 7.853981633974482790e-01 2.356194490192344837e+00 7.853981633974485010e-01 2.356194490192344837e+00 7.853981633974485010e-01 2.356194490192344837e+00 7.853981633974485010e-01 2.356194490192344837e+00 1.570796326794896336e+00 1.570796326794896336e+00 1.570796326794896336e+00 1.570796326794896336e+00 9.553166181245092980e-01 2.186276035465283929e+00 9.553166181245094091e-01 2.186276035465283929e+00 9.553166181245092980e-01 2.186276035465283929e+00 9.553166181245094091e-01 2.186276035465283929e+00 4.405106630046984328e-01 2.701081990585095127e+00 4.405106630046985439e-01 2.701081990585095127e+00 4.405106630046984328e-01 2.701081990585095127e+00 4.405106630046985439e-01 2.701081990585095127e+00 1.264518957625227147e+00 1.264518957625227147e+00 1.877073695964566191e+00 1.877073695964566413e+00 1.264518957625227147e+00 1.264518957625227147e+00 1.877073695964566191e+00 1.877073695964566413e+00 1.264518957625227147e+00 1.264518957625227147e+00 1.877073695964566191e+00 1.877073695964566191e+00 1.264518957625227147e+00 1.264518957625227147e+00 1.877073695964566191e+00 1.877073695964566191e+00
1.570796326794896336e+00 1.570796326794896336e+00 1.570796326794896336e+00 1.570796326794896336e+00 3.141592653589793116e+00 1.000000000000000000e+02 2.356194490192344837e+00 7.853981633974482790e-01 2.356194490192344837e+00 7.853981633974485010e-01 2.356194490192344837e+00 7.853981633974485010e-01 2.356194490192344837e+00 7.853981633974485010e-01 1.570796326794896336e+00 1.570796326794896336e+00 1.570796326794896336e+00 1.570796326794896336e+00 2.186276035465283929e+00 9.553166181245090760e-01 2.186276035465283929e+00 9.553166181245092980e-01 2.186276035465283929e+00 9.553166181245090760e-01 2.186276035465283929e+00 9.553166181245092980e-01 2.701081990585095127e+00 4.405106630046984328e-01 2.701081990585095127e+00 4.405106630046985439e-01 2.701081990585095127e+00 4.405106630046984328e-01 2.701081990585095127e+00 4.405106630046985439e-01 1.877073695964566191e+00 1.877073695964566413e+00 1.264518957625227147e+00 1.264518957625227147e+00 1.877073695964566191e+00 1.877073695964566413e+00 1.264518957625227147e+00 1.264518957625227147e+00 1.877073695964566191e+00 1.877073695964566191e+00 1.264518957625227147e+00 1.264518957625227147e+00 1.877073695964566191e+00 1.877073695964566191e+00 1.264518957625227147e+00 1.264518957625227147e+00
1.570796326794896780e+00 1.570796326794896780e+00 7.853981633974482790e-01 2.356194490192345281e+00 7.853981633974482790e-01 2.356194490192344837e+00 1.000000000000000000e+02 1.570796326794896336e+00 1.570796326794896780e+00 3.141592653589793116e+00 1.047197551196597853e+00 2.094395102393195263e+00 1.047197551196597853e+00 2.094395102393195263e+00 1.047197551196597853e+00 2.094395102393195263e+00 1.047197551196597853e+00 2.094395102393195263e+00 6.154797086703873710e-01 1.570796326794896780e+00 1.570796326794896780e+00 2.526112944919406189e+00 6.154797086703873710e-01 1.570796326794896780e+00 1.570796326794896780e+00 2.526112944919406189e+00 5.494672447576273155e-01 2.011306989799594991e+00 1.130285663790198125e+00 2.592125408832165245e+00 5.494672447576273155e-01 2.011306989799594991e+00 1.130285663790198125e+00 2.592125408832165245e+00 5.494672447576273155e-01 2.011306989799594991e+00 1.130285663790198125e+00 2.592125408832166134e+00 5.494672447576273155e-01 2.011306989799594991e+00 1.130285663790198125e+00 2.592125408832166134e+00 1.130285663790198125e+00 1.130285663790198569e+00 1.570796326794896336e+00 1.570796326794897002e+00 1.570796326794896780e+00 1.570796326794896780e+00 2.011306989799595435e+00 2.011306989799595435e+00
1.570796326794896780e+00 1.570796326794896780e+00 7.853981633974482790e-01 2.356194490192345281e+00 2.356194490192344837e+00 7.853981633974482790e-01 1.570796326794896336e+00 1.000000000000000000e+02 3.141592653589793116e+00 1.570796326794896780e+00 2.094395102393195263e+00 1.047197551196597853e+00 2.094395102393195263e+00 1.047197551196597853e+00 1.047197551196597853e+00 2.094395102393195263e+00 1.047197551196597853e+00 2.094395102393195263e+00 1.570796326794896780e+00 6.154797086703873710e-01 2.526112944919406189e+00 1.570796326794896780e+00 1.570796326794896780e+00 6.154797086703873710e-01 2.526112944919406189e+00 1.570796326794896780e+00 2.011306989799594991e+00 5.494672447576273155e-01 2.592125408832165245e+00 1.130285663790198125e+00 2.011306989799594991e+00 5.494672447576273155e-01 2.592125408832165245e+00 1.130285663790198125e+00 1.130285663790198125e+00 2.592125408832166134e+00 5.494672447576273155e-01 2.011306989799594991e+00 1.130285663790198125e+00 2.592125408832166134e+00 5.494672447576273155e-01 2.011306989799594991e+00 1.570796326794896336e+00 1.570796326794897002e+00 1.130285663790198125e+00 1.130285663790198569e+00 2.011306989799595435e+00 2.011306989799595435e+00 1.570796326794896780e+00 1.570796326794896780e+00
1.570796326794896780e+00 1.570796326794896780e+00 2.356194490192345281e+00 7.853981633974482790e-01 7.853981633974485010e-01 2.356194490192344837e+00 1.570796326794896780e+00 3.141592653589793116e+00 1.000000000000000000e+02 1.570796326794896336e+00 1.047197551196597853e+00 2.094395102393195263e+00 1.047197551196597853e+00 2.094395102393195263e+00 2.094395102393195263e+00 1.047197551196597853e+00 2.094395102393195263e+00 1.047197551196597853e+00 1.570796326794896780e+00 2.526112944919406189e+00 6.154797086703873710e-01 1.570796326794896780e+00 1.570796326794896780e+00 2.526112944919406189e+00 6.154797086703873710e-01 1.570796326794896780e+00 1.130285663790198125e+00 2.592125408832165245e+00 5.494672447576273155e-01 2.011306989799594991e+00 1.130285663790198125e+00 2.592125408832165245e+00 5.494672447576273155e-01 2.011306989799594991e+00 2.011306989799594991e+00 5.494672447576273155e-01 2.592125408832166134e+00 1.130285663790198125e+00 2.011306989799594991e+00 5.494672447576273155e-01 2.592125408832166134e+00 1.130285663790198125e+00 1.570796326794896780e+00 1.570796326794896780e+00 2.011306989799595435e+00 2.011306989799595435e+00 1.130285663790198125e+00 1.130285663790198569e+00 1.570796326794896336e+00 1.570796326794897002e+00
1.570796326794896780e+00 1.570796326794896780e+00 2.356194490192345281e+00 7.853981633974482790e-01 2.356194490192344837e+00 7.853981633974485010e-01 3.141592653589793116e+00 1.570796326794896780e+00 1.570796326794896336e+00 1.000000000000000000e+02 2.094395102393195263e+00 1.047197551196597853e+00 2.094395102393195263e+00 1.047197551196597853e+00 2.094395102393195263e+00 1.047197551196597853e+00 2.094395102393195263e+00 1.047197551196597853e+00 2.526112944919406189e+00 1.570796326794896780e+00 1.570796326794896780e+00 6.154797086703873710e-01 2.526112944919406189e+00 1.570796326794896780e+00 1.570796326794896780e+00 6.154797086703873710e-01 2.592125408832165245e+00 1.130285663790198125e+00 2.011306989799594991e+00 5.494672447576273155e-01 2.592125408832165245e+00 1.130285663790198125e+00 2.011306989799594991e+00 5.494672447576273155e-01 2.592125408832166134e+00 1.130285663790198125e+00 2.011306989799594991e+00 5.494672447576273155e-01 2.592125408832166134e+00 1.130285663790198125e+00 2.011306989799594991e+00 5.494672447576273155e-01 2.011306989799595435e+00 2.011306989799595435e+00 1.570796326794896780e+00 1.570796326794896780e+00 1.570796326794896336e+00 1.570796326794897002e+00 1.130285663790198125e+00 1.130285663790198569e+00
7.853981633974482790e-01 2.356194490192345281e+00 1.570796326794896780e+00 1.570796326794896780e+00 7.853981633974485010e-01 2.356194490192344837e+00 1.047197551196597853e+00 2.094395102393195263e+00 1.047197551196597853e+00 2.094395102393195263e+00 1.000000000000000000e+02 1.570796326794896336e+00 1.570796326794896780e+00 3.141592653589793116e+00 1.047197551196597853e+00 1.047197551196597853e+00 2.094395102393195263e+00 2.094395102393195263e+00 6.154797086703873710e-01 1.570796326794896780e+00 6.154797086703873710e-01 1.570796326794896780e+00 1.570796326794896780e+00 2.526112944919406189e+00 1.570796326794896780e+00 2.526112944919406189e+00 5.494672447576273155e-01 2.011306989799594991e+00 5.494672447576273155e-01 2.011306989799594991e+00 1.130285663790198125e+00 2.592125408832165245e+00 1.130285663790198125e+00 2.592125408832165245e+00 1.130285663790198125e+00 1.130285663790198125e+00 1.570796326794896780e+00 1.570796326794896780e+00 1.570796326794896780e+00 1.570796326794896780e+00 2.011306989799594991e+00 2.011306989799594991e+00 5.494672447576274266e-01 2.011306989799594991e+00 1.130285663790198125e+00 2.592125408832166134e+00 5.494672447576274266e-01 2.011306989799594991e+00 1.130285663790198125e+00 2.592125408832166134e+00
7.853981633974482790e-01 2.356194490192345281e+00 1.570796326794896780e+00 1.570796326794896780e+00 2.356194490192344837e+00 7.853981633974485010e-01 2.094395102393195263e+00 1.047197551196597853e+00 2.094395102393195263e+00 1.047197551196597853e+00 1.570796326794896336e+00 1.000000000000000000e+02 3.141592653589793116e+00 1.570796326794896780e+00 1.047197551196597853e+00 1.047197551196597853e+00 2.094395102393195263e+00 2.094395102393195263e+00 1.570796326794896780e+00 6.154797086703873710e-01 1.570796326794896780e+00 6.154797086703873710e-01 2.526112944919406189e+00 1.570796326794896780e+00 2.526112944919406189e+00 1.570796326794896780e+00 2.011306989799594991e+00 5.494672447576273155e-01 2.011306989799594991e+00 5.494672447576273155e-01 2.592125408832165245e+00 1.130285663790198125e+00 2.592125408832165245e+00 1.130285663790198125e+00 1.570796326794896780e+00 1.570796326794896780e+00 1.130285663790198125e+00 1.130285663790198125e+00 2.011306989799594991e+00 2.011306989799594991e+00 1.570796326794896780e+00 1.570796326794896780e+00 1.130285663790198125e+00 2.592125408832166134e+00 5.494672447576274266e-01 2.011306989799594991e+00 1.130285663790198125e+00 2.592125408832166134e+00 5.494672447576274266e-01 2.011306989799594991e+00
2.356194490192345281e+00 7.853981633974482790e-01 1.570796326794896780e+00 1.570796326794896780e+00 7.853981633974485010e-01 2.356194490192344837e+00 1.047197551196597853e+00 2.094395102393195263e+00 1.047197551196597853e+00 2.094395102393195263e+00 1.570796326794896780e+00 3.141592653589793116e+00 1.000000000000000000e+02 1.570796326794896336e+00 2.094395102393195263e+00 2.094395102393195263e+00 1.047197551196597853e+00 1.047197551196598075e+00 1.570796326794896780e+00 2.526112944919406189e+00 1.570796326794896780e+00 2.526112944919406189e+00 6.154797086703873710e-01 1.570796326794896780e+00 6.154797086703875930e-01 1.570796326794896780e+00 1.130285663790198125e+00 2.592125408832165245e+00 1.130285663790198125e+00 2.592125408832165245e+00 5.494672447576273155e-01 2.011306989799594991e+00 5.494672447576274266e-01 2.011306989799594991e+00 1.570796326794896780e+00 1.570796326794896780e+00 2.011306989799594991e+00 2.011306989799595435e+00 1.130285663790198125e+00 1.130285663790198347e+00 1.570796326794896780e+00 1.570796326794896780e+00 2.011306989799594991e+00 5.494672447576272045e-01 2.592125408832166134e+00 1.130285663790198125e+00 2.011306989799594991e+00 5.494672447576274266e-01 2.592125408832166134e+00 1.130285663790198125e+00
2.356194490192345281e+00 7.853981633974482790e-01 1.570796326794896780e+00 1.570796326794896780e+00 2.356194490192344837e+00 7.853981633974485010e-01 2.094395102393195263e+00 1.047197551196597853e+00 2.094395102393195263e+00 1.047197551196597853e+00 3.141592653589793116e+00 1.570796326794896780e+00 1.570796326794896336e+00 1.000000000000000000e+02 2.094395102393195263e+00 2.094395102393195263e+00 1.047197551196597853e+00 1.047197551196598075e+00 2.526112944919406189e+00 1.570796326794896780e+00 2.526112944919406189e+00 1.570796326794896780e+00 1.570796326794896780e+00 6.154797086703873710e-01 1.570796326794896780e+00 6.154797086703874820e-01 2.592125408832165245e+00 1.130285663790198125e+00 2.592125408832165245e+00 1.130285663790198125e+00 2.011306989799594991e+00 5.494672447576273155e-01 2.011306989799594991e+00 5.494672447576274266e-01 2.011306989799594991e+00 2.011306989799595435e+00 1.570796326794896780e+00 1.570796326794896780e+00 1.570796326794896780e+00 1.570796326794896780e+00 1.130285663790198125e+00 1.130285663790198347e+00 2.592125408832166134e+00 1.130285663790198125e+00 2.011306989799594991e+00 5.494672447576272045e-01 2.592125408832166134e+00 1.130285663790198125e+00 2.011306989799594991e+00 5.494672447576274266e-01
7.853981633974482790e-01 2.356194490192344837e+00 7.853981633974482790e-01 2.356194490192344837e+00 1.570796326794896336e+00 1.570796326794896336e+00 1.047197551196597853e+00 1.047197551196597853e+00 2.094395102393195263e+00 2.094395102393195263e+00 1.047197551196597853e+00 1.047197551196597853e+00 2.094395102393195263e+00 2.094395102393195263e+00 1.000000000000000000e+02 1.570796326794896336e+00 1.570796326794896336e+00 3.141592653589793116e+00 6.154797086703872600e-01 6.154797086703873710e-01 1.570796326794896336e+00 1.570796326794896336e+00 1.570796326794896336e+00 1.570796326794896336e+00 2.526112944919406189e+00 2.526112944919406189e+00 1.130285663790198125e+00 1.130285663790198125e+00 1.570796326794896780e+00 1.570796326794896780e+00 1.570796326794896780e+00 1.570796326794896780e+00 2.011306989799594991e+00 2.011306989799594991e+00 5.494672447576274266e-01 2.011306989799594991e+00 5.494672447576274266e-01 2.011306989799594991e+00 1.130285663790198125e+00 2.592125408832166134e+00 1.130285663790198125e+00 2.592125408832166134e+00 5.494672447576272045e-01 2.011306989799595435e+00 5.494672447576272045e-01 2.011306989799595435e+00 1.130285663790198347e+00 2.592125408832165245e+00 1.130285663790198347e+00 2.592125408832165245e+00
7.853981633974482790e-01 2.356194490192344837e+00 2.356194490192344837e+00 7.853981633974482790e-01 1.570796326794896336e+00 1.570796326794896336e+00 2.094395102393195263e+00 2.094395102393195263e+00 1.047197551196597853e+00 1.047197551196597853e+00 1.047197551196597853e+00 1.047197551196597853e+00 2.094395102393195263e+00 2.094395102393195263e+00 1.570796326794896336e+00 1.000000000000000000e+02 3.141592653589793116e+00 1.570796326794896336e+00 1.570796326794896336e+00 1.570796326794896336e+00 6.154797086703872600e-01 6.154797086703873710e-01 2.526112944919406189e+00 2.526112944919406189e+00 1.570796326794896336e+00 1.570796326794896336e+00 1.570796326794896780e+00 1.570796326794896780e+00 1.130285663790198125e+00 1.130285663790198125e+00 2.011306989799594991e+00 2.011306989799594991e+00 1.570796326794896780e+00 1.570796326794896780e+00 2.011306989799594991e+00 5.494672447576274266e-01 2.011306989799594991e+00 5.494672447576274266e-01 2.592125408832166134e+00 1.130285663790198125e+00 2.592125408832166134e+00 1.130285663790198125e+00 1.130285663790198347e+00 2.592125408832165245e+00 1.130285663790198347e+00 2.592125408832165245e+00 5.494672447576272045e-01 2.011306989799595435e+00 5.494672447576272045e-01 2.011306989799595435e+00
2.356194490192344837e+00 7.853981633974482790e-01 7.853981633974482790e-01 2.356194490192344837e+00 1.570796326794896336e+00 1.570796326794896336e+00 1.047197551196597853e+00 1.047197551196597853e+00 2.094395102393195263e+00 2.094395102393195263e+00 2.094395102393195263e+00 2.094395102393195263e+00 1.047197551196597853e+00 1.047197551196597853e+00 1.570796326794896336e+00 3.141592653589793116e+00 1.000000000000000000e+02 1.570796326794896780e+00 1.570796326794896336e+00 1.570796326794896336e+00 2.526112944919406189e+00 2.526112944919406189e+00 6.154797086703872600e-01 6.154797086703873710e-01 1.570796326794896780e+00 1.570796326794896780e+00 1.570796326794896780e+00 1.570796326794896780e+00 2.011306989799594991e+00 2.011306989799594991e+00 1.130285663790198125e+00 1.130285663790198125e+00 1.570796326794896780e+00 1.570796326794896780e+00 1.130285663790198125e+00 2.592125408832166134e+00 1.130285663790198125e+00 2.592125408832166134e+00 5.494672447576274266e-01 2.011306989799595435e+00 5.494672447576274266e-01 2.011306989799595435e+00 2.011306989799594991e+00 5.494672447576276486e-01 2.011306989799594991e+00 5.494672447576276486e-01 2.592125408832166134e+00 1.130285663790197237e+00 2.592125408832166134e+00 1.130285663790197237e+00
2.356194490192344837e+00 7.853981633974486121e-01 2.356194490192344837e+00 7.853981633974482790e-01 1.570796326794896336e+00 1.570796326794896336e+00 2.094395102393195263e+00 2.094395102393195263e+00 1.047197551196597853e+00 1.047197551196597853e+00 2.094395102393195263e+00 2.094395102393195263e+00 1.047197551196598075e+00 1.047197551196598075e+00 3.141592653589793116e+00 1.570796326794896336e+00 1.570796326794896780e+00 1.000000000000000000e+02 2.526112944919406189e+00 2.526112944919406189e+00 1.570796326794896336e+00 1.570796326794896336e+00 1.570796326794896780e+00 1.570796326794896780e+00 6.154797086703872600e-01 6.154797086703873710e-01 2.011306989799594991e+00 2.011306989799594991e+00 1.570796326794896780e+00 1.570796326794896780e+00 1.570796326794896780e+00 1.570796326794896780e+00 1.130285663790198125e+00 1.130285663790198125e+00 2.592125408832166134e+00 1.130285663790198125e+00 2.592125408832166134e+00 1.130285663790198125e+00 2.011306989799595435e+00 5.494672447576274266e-01 2.011306989799595435e+00 5.494672447576274266e-01 2.592125408832166134e+00 1.130285663790197237e+00 2.592125408832166134e+00 1.130285663790197237e+00 2.011306989799594991e+00 5.494672447576276486e-01 2.011306989799594991e+00 5.494672447576276486e-01
9.553166181245090760e-01 2.186276035465283929e+00 9.553166181245090760e-01 2.186276035465283929e+00 9.553166181245092980e-01 2.186276035465283929e+00 6.154797086703873710e-01 1.570796326794896780e+00 1.570796326794896780e+00 2.526112944919406189e+00 6.154797086703873710e-01 1.570796326794896780e+00 1.570796326794896780e+00 2.526112944919406189e+00 6.154797086703872600e-01 1.570796326794896336e+00 1.570796326794896336e+00 2.526112944919406189e+00 1.000000000000000000e+02 1.230959417340774964e+00 1.230959417340774520e+00 1.910633236249018596e+00 1.230959417340774520e+00 1.910633236249018596e+00 1.910633236249018596e+00 3.141592653589793116e+00 5.148059551198108652e-01 1.745765372460585496e+00 1.021329082037269131e+00 2.120263571552524429e+00 1.021329082037269131e+00 2.120263571552524429e+00 1.395827281129207842e+00 2.626786698469982806e+00 5.148059551198108652e-01 1.745765372460585274e+00 1.021329082037269131e+00 2.120263571552523540e+00 1.021329082037269131e+00 2.120263571552524429e+00 1.395827281129207620e+00 2.626786698469982806e+00 5.148059551198107542e-01 1.745765372460585496e+00 1.021329082037269131e+00 2.120263571552524429e+00 1.021329082037269353e+00 2.120263571552523540e+00 1.395827281129207842e+00 2.626786698469981918e+00
9.553166181245094091e-01 2.186276035465283929e+00 9.553166181245094091e-01 2.186276035465283929e+00 2.186276035465283929e+00 9.553166181245090760e-01 1.570796326794896780e+00 6.154797086703873710e-01 2.526112944919406189e+00 1.570796326794896780e+00 1.570796326794896780e+00 6.154797086703873710e-01 2.526112944919406189e+00 1.570796326794896780e+00 6.154797086703873710e-01 1.570796326794896336e+00 1.570796326794896336e+00 2.526112944919406189e+00 1.230959417340774964e+00 1.000000000000000000e+02 1.910633236249018596e+00 1.230959417340774520e+00 1.910633236249018596e+00 1.230959417340774520e+00 3.141592653589793116e+00 1.910633236249018596e+00 1.745765372460585496e+00 5.148059551198107542e-01 2.120263571552524429e+00 1.021329082037269131e+00 2.120263571552524429e+00 1.021329082037269131e+00 2.626786698469982806e+00 1.395827281129207842e+00 1.021329082037269131e+00 2.120263571552523985e+00 5.148059551198108652e-01 1.745765372460585496e+00 1.395827281129207842e+00 2.626786698469982806e+00 1.021329082037269131e+00 2.120263571552524429e+00 1.021329082037269131e+00 2.120263571552524429e+00 5.148059551198107542e-01 1.745765372460585940e+00 1.395827281129207842e+00 2.626786698469981918e+00 1.021329082037269353e+00 2.120263571552523985e+00
9.553166181245090760e-01 2.186276035465283929e+00 2.186276035465283929e+00 9.553166181245090760e-01 9.553166181245094091e-01 2.186276035465283929e+00 1.570796326794896780e+00 2.526112944919406189e+00 6.154797086703873710e-01 1.570796326794896780e+00 6.154797086703873710e-01 1.570796326794896780e+00 1.570796326794896780e+00 2.526112944919406189e+00 1.570796326794896336e+00 6.154797086703872600e-01 2.526112944919406189e+00 1.570796326794896336e+00 1.230959417340774520e+00 1.910633236249018596e+00 1.000000000000000000e+02 1.230959417340774964e+00 1.910633236249018596e+00 3.141592653589793116e+00 1.230959417340774520e+00 1.910633236249018596e+00 1.021329082037269131e+00 2.120263571552524429e+00 5.148059551198108652e-01 1.745765372460585496e+00 1.395827281129207842e+00 2.626786698469982806e+00 1.021329082037269131e+00 2.120263571552524429e+00 1.745765372460585274e+00 5.148059551198108652e-01 2.120263571552523540e+00 1.021329082037269131e+00 2.120263571552524429e+00 1.021329082037269131e+00 2.626786698469982806e+00 1.395827281129207620e+00 1.021329082037269353e+00 2.120263571552523540e+00 1.395827281129207842e+00 2.626786698469981918e+00 5.148059551198107542e-01 1.745765372460585496e+00 1.021329082037269131e+00 2.120263571552524429e+00
9.553166181245094091e-01 2.186276035465283929e+00 2.186276035465283929e+00 9.553166181245094091e-01 2.186276035465283929e+00 9.553166181245092980e-01 2.526112944919406189e+00 1.570796326794896780e+00 1.570796326794896780e+00 6.154797086703873710e-01 1.570796326794896780e+00 6.154797086703873710e-01 2.526112944919406189e+00 1.570796326794896780e+00 1.570796326794896336e+00 6.154797086703873710e-01 2.526112944919406189e+00 1.570796326794896336e+00 1.910633236249018596e+00 1.230959417340774520e+00 1.230959417340774964e+00 1.000000000000000000e+02 3.141592653589793116e+00 1.910633236249018596e+00 1.910633236249018596e+00 1.230959417340774520e+00 2.120263571552524429e+00 1.021329082037269131e+00 1.745765372460585496e+00 5.148059551198107542e-01 2.626786698469982806e+00 1.395827281129207842e+00 2.120263571552524429e+00 1.021329082037269131e+00 2.120263571552523985e+00 1.021329082037269131e+00 1.745765372460585496e+00 5.148059551198108652e-01 2.626786698469982806e+00 1.395827281129207842e+00 2.120263571552524429e+00 1.021329082037269131e+00 1.395827281129207842e+00 2.626786698469981918e+00 1.021329082037269353e+00 2.120263571552523985e+00 1.021329082037269131e+00 2.120263571552524429e+00 5.148059551198107542e-01 1.745765372460585940e+00
2.186276035465283929e+00 9.553166181245090760e-01 9.553166181245090760e-01 2.186276035465283929e+00 9.553166181245092980e-01 2.186276035465283929e+00 6.154797086703873710e-01 1.570796326794896780e+00 1.570796326794896780e+00 2.526112944919406189e+00 1.570796326794896780e+00 2.526112944919406189e+00 6.154797086703873710e-01 1.570796326794896780e+00 1.570796326794896336e+00 2.526112944919406189e+00 6.154797086703872600e-01 1.570796326794896780e+00 1.230959417340774520e+00 1.910633236249018596e+00 1.910633236249018596e+00 3.141592653589793116e+00 1.000000000000000000e+02 1.230959417340774964e+00 1.230959417340774964e+00 1.910633236249018596e+00 1.021329082037269131e+00 2.120263571552524429e+00 1.395827281129207842e+00 2.626786698469982806e+00 5.148059551198108652e-01 1.745765372460585496e+00 1.021329082037269353e+00 2.120263571552524429e+00 1.021329082037269131e+00 2.120263571552524429e+00 1.395827281129207620e+00 2.626786698469982806e+00 5.148059551198108652e-01 1.745765372460585496e+00 1.021329082037269131e+00 2.120263571552524429e+00 1.745765372460585274e+00 5.148059551198110873e-01 2.120263571552523540e+00 1.021329082037269131e+00 2.120263571552524429e+00 1.021329082037268465e+00 2.626786698469982806e+00 1.395827281129206954e+00
2.186276035465283929e+00 9.553166181245094091e-01 9.553166181245094091e-01 2.186276035465283929e+00 2.186276035465283929e+00 9.553166181245090760e-01 1.570796326794896780e+00 6.154797086703873710e-01 2.526112944919406189e+00 1.570796326794896780e+00 2.526112944919406189e+00 1.570796326794896780e+00 1.570796326794896780e+00 6.154797086703873710e-01 1.570796326794896336e+00 2.526112944919406189e+00 6.154797086703873710e-01 1.570796326794896780e+00 1.910633236249018596e+00 1.230959417340774520e+00 3.141592653589793116e+00 1.910633236249018596e+00 1.230959417340774964e+00 1.000000000000000000e+02 1.910633236249018596e+00 1.230959417340774964e+00 2.120263571552524429e+00 1.021329082037269131e+00 2.626786698469982806e+00 1.395827281129207842e+00 1.745765372460585496e+00 5.148059551198107542e-01 2.120263571552524429e+00 1.021329082037269353e+00 1.395827281129207842e+00 2.626786698469982806e+00 1.021329082037269131e+00 2.120263571552524429e+00 1.021329082037269131e+00 2.120263571552524429e+00 5.148059551198108652e-01 1.745765372460585940e+00 2.120263571552523985e+00 1.021329082037269353e+00 1.745765372460585496e+00 5.148059551198110873e-01 2.626786698469982806e+00 1.395827281129206954e+00 2.120263571552524429e+00 1.021329082037268465e+00
2.186276035465283929e+00 9.553166181245094091e-01 2.186276035465283929e+00 9.553166181245090760e-01 9.553166181245094091e-01 2.186276035465283929e+00 1.570796326794896780e+00 2.526112944919406189e+00 6.154797086703873710e-01 1.570796326794896780e+00 1.570796326794896780e+00 2.526112944919406189e+00 6.154797086703875930e-01 1.570796326794896780e+00 2.526112944919406189e+00 1.570796326794896336e+00 1.570796326794896780e+00 6.154797086703872600e-01 1.910633236249018596e+00 3.141592653589793116e+00 1.230959417340774520e+00 1.910633236249018596e+00 1.230959417340774964e+00 1.910633236249018596e+00 1.000000000000000000e+02 1.230959417340774964e+00 1.395827281129207842e+00 2.626786698469982806e+00 1.021329082037269131e+00 2.120263571552524429e+00 1.021329082037269353e+00 2.120263571552524429e+00 5.148059551198108652e-01 1.745765372460585496e+00 2.120263571552524429e+00 1.021329082037269131e+00 2.626786698469982806e+00 1.395827281129207620e+00 1.745765372460585496e+00 5.148059551198108652e-01 2.120263571552524429e+00 1.021329082037269131e+00 2.120263571552524429e+00 1.021329082037268465e+00 2.626786698469982806e+00 1.395827281129206954e+00 1.745765372460585274e+00 5.148059551198110873e-01 2.120263571552523540e+00 1.021329082037269131e+00
2.186276035465283929e+00 9.553166181245095201e-01 2.186276035465283929e+00 9.553166181245094091e-01 2.186276035465283929e+00 9.553166181245092980e-01 2.526112944919406189e+00 1.570796326794896780e+00 1.570796326794896780e+00 6.154797086703873710e-01 2.526112944919406189e+00 1.570796326794896780e+00 1.570796326794896780e+00 6.154797086703874820e-01 2.526112944919406189e+00 1.570796326794896336e+00 1.570796326794896780e+00 6.154797086703873710e-01 3.141592653589793116e+00 1.910633236249018596e+00 1.910633236249018596e+00 1.230959417340774520e+00 1.910633236249018596e+00 1.230959417340774964e+00 1.230959417340774964e+00 1.000000000000000000e+02 2.626786698469982806e+00 1.395827281129207842e+00 2.120263571552524429e+00 1.021329082037269131e+00 2.120263571552524429e+00 1.021329082037269353e+00 1.745765372460585496e+00 5.148059551198107542e-01 2.626786698469982806e+00 1.395827281129207842e+00 2.120263571552524429e+00 1.021329082037269131e+00 2.120263571552524429e+00 1.021329082037269131e+00 1.745765372460585940e+00 5.148059551198108652e-01 2.626786698469982806e+00 1.395827281129206954e+00 2.120263571552524429e+00 1.021329082037268465e+00 2.120263571552523985e+00 1.021329082037269353e+00 1.745765372460585496e+00 5.148059551198110873e-01
1.264518957625227147e+00 1.877073695964566191e+00 1.264518957625227147e+00 1.877073695964566191e+00 4.405106630046984328e-01 2.701081990585095127e+00 5.494672447576273155e-01 2.011306989799594991e+00 1.130285663790198125e+00 2.592125408832165245e+00 5.494672447576273155e-01 2.011306989799594991e+00 1.130285663790198125e+00 2.592125408832165245e+00 1.130285663790198125e+00 1.570796326794896780e+00 1.570796326794896780e+00 2.011306989799594991e+00 5.148059551198108652e-01 1.745765372460585496e+00 1.021329082037269131e+00 2.120263571552524429e+00 1.021329082037269131e+00 2.120263571552524429e+00 1.395827281129207842e+00 2.626786698469982806e+00 1.000000000000000000e+02 2.260571327580396250e+00 6.125547383393388223e-01 2.529037915250454738e+00 6.125547383393388223e-01 2.529037915250454738e+00 8.810213260093969767e-01 3.141592653589793116e+00 8.810213260093969767e-01 1.479761548757481338e+00 1.479761548757481338e+00 2.042658164074538707e+00 1.098934489515254631e+00 1.661831104832311778e+00 1.661831104832311778e+00 2.260571327580396250e+00 8.810213260093968657e-01 1.479761548757481782e+00 1.479761548757481338e+00 2.042658164074538707e+00 1.098934489515254631e+00 1.661831104832311778e+00 1.661831104832311778e+00 2.260571327580396250e+00
1.264518957625227147e+00 1.877073695964566191e+00 1.264518957625227147e+00 1.877073695964566191e+00 2.701081990585095127e+00 4.405106630046984328e-01 2.011306989799594991e+00 5.494672447576273155e-01 2.592125408832165245e+00 1.130285663790198125e+00 2.011306989799594991e+00 5.494672447576273155e-01 2.592125408832165245e+00 1.130285663790198125e+00 1.130285663790198125e+00 1.570796326794896780e+00 1.570796326794896780e+00 2.011306989799594991e+00 1.745765372460585496e+00 5.148059551198107542e-01 2.120263571552524429e+00 1.021329082037269131e+00 2.120263571552524429e+00 1.021329082037269131e+00 2.626786698469982806e+00 1.395827281129207842e+00 2.260571327580396250e+00 1.000000000000000000e+02 2.529037915250454738e+00 6.125547383393388223e-01 2.529037915250454738e+00 6.125547383393388223e-01 3.141592653589793116e+00 8.810213260093969767e-01 1.479761548757481338e+00 2.042658164074538707e+00 8.810213260093969767e-01 1.479761548757481338e+00 1.661831104832311778e+00 2.260571327580396250e+00 1.098934489515254631e+00 1.661831104832311778e+00 1.479761548757481338e+00 2.042658164074538707e+00 8.810213260093968657e-01 1.479761548757481782e+00 1.661831104832311778e+00 2.260571327580396250e+00 1.098934489515254631e+00 1.661831104832311778e+00
1.264518957625227147e+00 1.877073695964566191e+00 1.877073695964566191e+00 1.264518957625227147e+00 4.405106630046985439e-01 2.701081990585095127e+00 1.130285663790198125e+00 2.592125408832165245e+00 5.494672447576273155e-01 2.011306989799594991e+00 5.494672447576273155e-01 2.011306989799594991e+00 1.130285663790198125e+00 2.592125408832165245e+00 1.570796326794896780e+00 1.130285663790198125e+00 2.011306989799594991e+00 1.570796326794896780e+00 1.021329082037269131e+00 2.120263571552524429e+00 5.148059551198108652e-01 1.745765372460585496e+00 1.395827281129207842e+00 2.626786698469982806e+00 1.021329082037269131e+00 2.120263571552524429e+00 6.125547383393388223e-01 2.529037915250454738e+00 1.000000000000000000e+02 2.260571327580396250e+00 8.810213260093969767e-01 3.141592653589793116e+00 6.125547383393388223e-01 2.529037915250454738e+00 1.479761548757481338e+00 8.810213260093969767e-01 2.042658164074538707e+00 1.479761548757481338e+00 1.661831104832311778e+00 1.098934489515254631e+00 2.260571327580396250e+00 1.661831104832311778e+00 1.098934489515254631e+00 1.661831104832311778e+00 1.661831104832311778e+00 2.260571327580396250e+00 8.810213260093968657e-01 1.479761548757481782e+00 1.479761548757481338e+00 2.042658164074538707e+00
1.264518957625227147e+00 1.877073695964566191e+00 1.877073695964566191e+00 1.264518957625227147e+00 2.701081990585095127e+00 4.405106630046985439e-01 2.592125408832165245e+00 1.130285663790198125e+00 2.011306989799594991e+00 5.494672447576273155e-01 2.011306989799594991e+00 5.494672447576273155e-01 2.592125408832165245e+00 1.130285663790198125e+00 1.570796326794896780e+00 1.130285663790198125e+00 2.011306989799594991e+00 1.570796326794896780e+00 2.120263571552524429e+00 1.021329082037269131e+00 1.745765372460585496e+00 5.148059551198107542e-01 2.626786698469982806e+00 1.395827281129207842e+00 2.120263571552524429e+00 1.021329082037269131e+00 2.529037915250454738e+00 6.125547383393388223e-01 2.260571327580396250e+00 1.000000000000000000e+02 3.141592653589793116e+00 8.810213260093969767e-01 2.529037915250454738e+00 6.125547383393388223e-01 2.042658164074538707e+00 1.479761548757481338e+00 1.479761548757481338e+00 8.810213260093969767e-01 2.260571327580396250e+00 1.661831104832311778e+00 1.661831104832311778e+00 1.098934489515254631e+00 1.661831104832311778e+00 2.260571327580396250e+00 1.098934489515254631e+00 1.661831104832311778e+00 1.479761548757481338e+00 2.042658164074538707e+00 8.810213260093968657e-01 1.479761548757481782e+00
1.877073695964566191e+00 1.264518957625227147e+00 1.264518957625227147e+00 1.877073695964566191e+00 4.405106630046984328e-01 2.701081990585095127e+00 5.494672447576273155e-01 2.011306989799594991e+00 1.130285663790198125e+00 2.592125408832165245e+00 1.130285663790198125e+00 2.592125408832165245e+00 5.494672447576273155e-01 2.011306989799594991e+00 1.570796326794896780e+00 2.011306989799594991e+00 1.130285663790198125e+00 1.570796326794896780e+00 1.021329082037269131e+00 2.120263571552524429e+00 1.395827281129207842e+00 2.626786698469982806e+00 5.148059551198108652e-01 1.745765372460585496e+00 1.021329082037269353e+00 2.120263571552524429e+00 6.125547383393388223e-01 2.529037915250454738e+00 8.810213260093969767e-01 3.141592653589793116e+00 1.000000000000000000e+02 2.260571327580396250e+00 6.125547383393389334e-01 2.529037915250454738e+00 1.098934489515254631e+00 1.661831104832311778e+00 1.661831104832311778e+00 2.260571327580396250e+00 8.810213260093969767e-01 1.479761548757481782e+00 1.479761548757481338e+00 2.042658164074538707e+00 1.479761548757481338e+00 8.810213260093969767e-01 2.042658164074538707e+00 1.479761548757481782e+00 1.661831104832311778e+00 1.098934489515254409e+00 2.260571327580396250e+00 1.661831104832311334e+00
1.877073695964566191e+00 1.264518957625227147e+00 1.264518957625227147e+00 1.877073695964566191e+00 2.701081990585095127e+00 4.405106630046984328e-01 2.011306989799594991e+00 5.494672447576273155e-01 2.592125408832165245e+00 1.130285663790198125e+00 2.592125408832165245e+00 1.130285663790198125e+00 2.011306989799594991e+00 5.494672447576273155e-01 1.570796326794896780e+00 2.011306989799594991e+00 1.130285663790198125e+00 1.570796326794896780e+00 2.120263571552524429e+00 1.021329082037269131e+00 2.626786698469982806e+00 1.395827281129207842e+00 1.745765372460585496e+00 5.148059551198107542e-01 2.120263571552524429e+00 1.021329082037269353e+00 2.529037915250454738e+00 6.125547383393388223e-01 3.141592653589793116e+00 8.810213260093969767e-01 2.260571327580396250e+00 1.000000000000000000e+02 2.529037915250454738e+00 6.125547383393389334e-01 1.661831104832311778e+00 2.260571327580396250e+00 1.098934489515254631e+00 1.661831104832311778e+00 1.479761548757481338e+00 2.042658164074538707e+00 8.810213260093969767e-01 1.479761548757481782e+00 2.042658164074538707e+00 1.479761548757481782e+00 1.479761548757481338e+00 8.810213260093969767e-01 2.260571327580396250e+00 1.661831104832311334e+00 1.661831104832311778e+00 1.098934489515254409e+00
